0.028330326080322266
0.032093048095703125
0.03765463829040527
0.032093048095703125
0.032965660095214844
0.03666281700134277
0.035555124282836914
0.03378582000732422
0.033890485763549805
0.034445762634277344
0.031033039093017578
0.04230332374572754
0.032289981842041016
0.034540653228759766
0.03623056411743164
0.03435254096984863
0.03508734703063965
0.0334935188293457
0.03787422180175781
0.030987262725830078
0.032205820083618164
0.032473087310791016
0.0303347110748291
0.03148365020751953
0.031873464584350586
0.033632755279541016
0.029820680618286133
0.03401756286621094
0.030544757843017578
0.03493142127990723
0.03440380096435547
0.03287863731384277
0.03451657295227051
0.02879023551940918
0.033391475677490234
0.03363513946533203
0.03434348106384277
0.12954115867614746
0.09603595733642578
0.03603935241699219
0.034311771392822266
0.038631439208984375
0.034308671951293945
0.032445430755615234
0.0342409610748291
0.03607463836669922
0.03466391563415527
0.033477067947387695
0.03574180603027344
0.036359310150146484
0.034950971603393555
0.03437972068786621
0.03141331672668457
0.03441953659057617
0.03358864784240723
0.0346066951751709
0.03696441650390625
0.04579448699951172
0.03572511672973633
0.030936479568481445
0.036633968353271484
0.0370025634765625
0.038170576095581055
0.03553009033203125
0.033103227615356445
0.03582406044006348
0.034567832946777344
0.0330805778503418
0.031744956970214844
0.06827759742736816
0.03853034973144531
0.032094478607177734
0.037444353103637695
0.031369686126708984
0.03788280487060547
0.03275012969970703
0.03293275833129883
0.03570246696472168
0.03277397155761719
0.03298163414001465
0.03308391571044922
0.03303670883178711
0.03377938270568848
0.032060861587524414
0.03238630294799805
0.03497743606567383
0.03510594367980957
0.033499717712402344
0.03511857986450195
0.03530001640319824
0.03769826889038086
0.03453350067138672
0.03180646896362305
0.03818202018737793
0.037123918533325195
0.03794145584106445
0.032917022705078125
0.032965898513793945
0.0311739444732666
0.030736446380615234
0.03367114067077637
0.16845130920410156
0.03516030311584473
0.03397345542907715
0.035233259201049805
0.03197646141052246
0.0316004753112793
0.03827214241027832
0.053853511810302734
0.03145956993103027
0.0333714485168457
0.04120206832885742
0.03150153160095215
0.038285017013549805
0.03784012794494629
0.03719639778137207
0.03751182556152344
0.033837080001831055
0.033417463302612305
0.03625178337097168
0.03417181968688965
0.029921770095825195
0.03382158279418945
0.03433799743652344
0.03833746910095215
0.035153865814208984
0.03197455406188965
0.03472542762756348
0.03572368621826172
0.03510713577270508
0.03159976005554199
0.0457456111907959
0.034043312072753906
0.03178668022155762
0.04131746292114258
0.03936457633972168
0.03201460838317871
0.034546613693237305
0.03339099884033203
0.03382563591003418
0.03687715530395508
0.033054351806640625
0.032193660736083984
0.03234553337097168
0.03555488586425781
0.03606247901916504
0.033308982849121094
0.03940439224243164
0.03509879112243652
0.03747129440307617
0.034719228744506836
0.037427663803100586
0.035675764083862305
0.032183170318603516
0.03467226028442383
0.03377056121826172
0.03068995475769043
0.03551602363586426
0.03236055374145508
0.03814220428466797
0.03453230857849121
0.04174208641052246
0.03282046318054199
0.03618907928466797
0.03648257255554199
0.038021087646484375
0.034183502197265625
0.03626608848571777
0.036333560943603516
0.03542780876159668
0.030570507049560547
0.031601905822753906
0.03978729248046875
0.03773665428161621
0.031919002532958984
0.03196454048156738
0.03757333755493164
0.03449440002441406
0.03300213813781738
0.03322124481201172
0.034186601638793945
0.03515458106994629
0.03520917892456055
0.037822723388671875
0.0378880500793457
0.03491353988647461
0.035549163818359375
0.03654026985168457
0.03477931022644043
0.03804969787597656
0.037225961685180664
0.03331303596496582
0.03869366645812988
0.03586912155151367
0.03239154815673828
0.03928327560424805
0.03308391571044922
0.03059244155883789
0.03325700759887695
0.034313201904296875
0.033554792404174805
0.033956050872802734
0.03329277038574219
0.03687429428100586
0.03550004959106445
0.0366668701171875
0.03359079360961914
0.030530452728271484
0.03267359733581543
0.039591312408447266
0.029100656509399414
0.03242754936218262
0.03400444984436035
0.033362388610839844
0.03406667709350586
0.03266000747680664
0.037410736083984375
0.03411412239074707
0.03445744514465332
0.03137946128845215
0.02950286865234375
0.035695552825927734
0.03341984748840332
0.03278756141662598
0.035028696060180664
0.03497004508972168
0.03516864776611328
0.03571128845214844
0.03178906440734863
0.03233695030212402
0.04623007774353027
0.03592538833618164
0.03201460838317871
0.031914710998535156
0.033415794372558594
0.035650014877319336
0.03311896324157715
0.03322291374206543
0.03385496139526367
0.040845394134521484
0.03825712203979492
0.031308889389038086
0.035807132720947266
0.03275179862976074
0.03192448616027832
0.0361933708190918
0.03390169143676758
0.03339672088623047
0.034276723861694336
0.03444314002990723
0.03380846977233887
0.03295254707336426
0.030542850494384766
0.03645038604736328
0.033211708068847656
0.03616499900817871
0.03592514991760254
0.04334521293640137
0.03211498260498047
0.03175520896911621
0.03211355209350586
0.03189706802368164
0.03479480743408203
0.03160977363586426
0.032393693923950195
0.03444552421569824
0.036889076232910156
0.03191041946411133
0.03187370300292969
0.03204011917114258
0.03473711013793945
0.03416013717651367
0.03110051155090332
0.03387141227722168
0.03630661964416504
0.031659603118896484
0.03503060340881348
0.03271818161010742
0.03616809844970703
0.03622698783874512
0.03598499298095703
0.03504538536071777
0.032573699951171875
0.03482770919799805
0.03538870811462402
0.03436446189880371
0.03345179557800293
0.03294968605041504
0.03585696220397949
0.035912275314331055
0.035925865173339844
0.03375124931335449
0.0367884635925293
0.03313279151916504
0.03102898597717285
0.03303670883178711
0.0380399227142334
0.03869748115539551
0.03249764442443848
0.030754566192626953
0.03376197814941406
0.03547978401184082
0.03287053108215332
0.035622596740722656
0.033663272857666016
0.03819131851196289
0.038442134857177734
0.03412795066833496
0.03476881980895996
0.03803062438964844
0.03567981719970703
0.0352325439453125
0.03233504295349121
0.03166055679321289
0.03441643714904785
0.03254199028015137
0.03476381301879883
0.033998727798461914
0.035457611083984375
0.04982471466064453
0.03502774238586426
0.03305792808532715
0.03773331642150879
0.03375244140625
0.03324174880981445
0.035169363021850586
0.03468203544616699
0.031707763671875
0.03720664978027344
0.03132200241088867
0.03549075126647949
0.030862808227539062
0.034024715423583984
0.03342580795288086
0.03376436233520508
0.04366159439086914
0.033896684646606445
0.030532360076904297
0.03279566764831543
0.0395510196685791
0.034806251525878906
0.03261518478393555
0.03294706344604492
0.03977322578430176
0.03369951248168945
0.03666400909423828
0.032242774963378906
0.03216409683227539
0.03773140907287598
0.03670692443847656
0.03708148002624512
0.03632688522338867
0.03417205810546875
0.033956050872802734
0.03202509880065918
0.03430604934692383
0.037531375885009766
0.03481435775756836
0.03722691535949707
0.030825376510620117
0.0364995002746582
0.03377890586853027
0.03748178482055664
0.03502821922302246
0.03453207015991211
0.036673784255981445
0.031225919723510742
0.030962705612182617
0.031141281127929688
0.03377723693847656
0.03364253044128418
0.031888484954833984
0.04478764533996582
0.032311439514160156
0.036717891693115234
0.038724660873413086
0.030565977096557617
0.03228044509887695
0.03201889991760254
0.033481597900390625
0.03685355186462402
0.035100698471069336
0.03207087516784668
0.03138279914855957
0.030890464782714844
0.03444719314575195
0.03369784355163574
0.0352778434753418
0.03454446792602539
0.03302812576293945
0.0340733528137207
0.03776216506958008
0.03311657905578613
0.03556418418884277
0.034301042556762695
0.031789541244506836
0.03641676902770996
0.03508353233337402
0.035314321517944336
0.033779144287109375
0.03054523468017578
0.03385782241821289
0.034681081771850586
0.0333406925201416
0.033041954040527344
0.031014204025268555
0.03246021270751953
0.032341957092285156
0.03306841850280762
0.034604787826538086
0.03285837173461914
0.04240894317626953
0.03455758094787598
0.031050682067871094
0.03389453887939453
0.0351254940032959
0.037140607833862305
0.03281545639038086
0.03632044792175293
0.03763175010681152
0.03529930114746094
0.03303360939025879
0.0376739501953125
0.03275465965270996
0.030968904495239258
0.033556222915649414
0.032697200775146484
0.03252553939819336
0.032204389572143555
0.03736615180969238
0.03258824348449707
0.037027597427368164
0.030877351760864258
0.03574800491333008
0.033281564712524414
0.032048940658569336
0.0318450927734375
0.035286664962768555
0.03419303894042969
0.030969858169555664
0.03677248954772949
0.034270524978637695
0.036214351654052734
0.031000614166259766
0.03541159629821777
0.034998178482055664
0.03285789489746094
0.031209707260131836
0.034433603286743164
0.03678703308105469
0.03429675102233887
0.036963701248168945
0.036623477935791016
0.034577131271362305
0.03219938278198242
0.03229165077209473
0.03324723243713379
0.03516697883605957
0.03439068794250488
0.03592514991760254
0.03283262252807617
0.03267788887023926
0.03329944610595703
0.03216385841369629
0.03596830368041992
0.03396892547607422
0.03281044960021973
0.033249616622924805
0.0354313850402832
0.03550982475280762
0.035176992416381836
0.035715579986572266
0.03508782386779785
0.04424929618835449
0.038411855697631836
0.0358736515045166
0.038675546646118164
0.038840293884277344
0.0336451530456543
0.03516745567321777
0.03378748893737793
0.03277778625488281
0.03395819664001465
0.033902883529663086
0.034470319747924805
0.03683209419250488
0.03562426567077637
0.03481769561767578
0.0376436710357666
0.03782486915588379
0.03717827796936035
0.034125328063964844
0.036214351654052734
0.03054022789001465
0.03497886657714844
0.03610515594482422
0.038187503814697266
0.03941464424133301
0.037221670150756836
0.03687095642089844
0.03424263000488281
0.03785371780395508
0.043524742126464844
0.032073259353637695
0.03719735145568848
0.04402899742126465
0.03973054885864258
0.032080888748168945
0.03499293327331543
0.04180121421813965
0.03589797019958496
0.036393165588378906
0.03140568733215332
0.03147315979003906
0.032286882400512695
0.034610748291015625
0.03244733810424805
0.03618478775024414
0.035141944885253906
0.03228354454040527
0.034223318099975586
0.03191542625427246
0.032517433166503906
0.0348355770111084
0.03664565086364746
0.03676486015319824
0.03634023666381836
0.033982038497924805
0.033676862716674805
0.031830787658691406
0.035082340240478516
0.0332486629486084
0.0325925350189209
0.028261661529541016
0.04305386543273926
0.04818010330200195
0.031568288803100586
0.0355830192565918
0.03547191619873047
0.03361225128173828
0.0361630916595459
0.036093711853027344
0.03577160835266113
0.0326695442199707
0.034094810485839844
0.03576779365539551
0.03671097755432129
0.04002213478088379
0.0373380184173584
0.03542184829711914
0.03335452079772949
0.03896284103393555
0.03606462478637695
0.03286147117614746
0.033185720443725586
0.0347752571105957
0.03516435623168945
0.033102989196777344
0.03381633758544922
0.03112196922302246
0.033483028411865234
0.034564971923828125
0.0361332893371582
0.0362393856048584
0.03541421890258789
0.03471207618713379
0.03630948066711426
0.03633856773376465
0.033976078033447266
0.03690004348754883
0.03477215766906738
0.03512716293334961
0.034914255142211914
0.04069185256958008
0.03517746925354004
0.03832888603210449
0.029897451400756836
0.039124488830566406
0.03268551826477051
0.0324862003326416
0.03531312942504883
0.03540921211242676
0.03264904022216797
0.03690457344055176
0.03345894813537598
0.03603935241699219
0.034726858139038086
0.032399654388427734
0.03659701347351074
0.03420877456665039
0.035968780517578125
0.030214548110961914
0.0340886116027832
0.03249979019165039
0.03325843811035156
0.033933162689208984
0.03467226028442383
0.03167724609375
0.03186488151550293
0.030216455459594727
0.036785125732421875
0.032033681869506836
0.03230619430541992
0.03205704689025879
0.03410696983337402
0.03607773780822754
0.033464908599853516
0.036041975021362305
0.032938480377197266
0.037241458892822266
0.034203290939331055
0.03389334678649902
0.03459882736206055
0.034232139587402344
0.03415989875793457
0.03194236755371094
0.03430342674255371
0.03572702407836914
0.033075809478759766
0.03244137763977051
0.030063867568969727
0.0332493782043457
0.03700399398803711
0.03713393211364746
0.03007984161376953
0.03345823287963867
0.03281259536743164
0.033480167388916016
0.03649473190307617
0.03237009048461914
0.03244495391845703
0.03272294998168945
0.03353238105773926
0.03487253189086914
0.04302048683166504
0.04310965538024902
0.03735828399658203
0.03975057601928711
0.0328211784362793
0.03296303749084473
0.03704190254211426
0.03486132621765137
0.03609418869018555
0.03397941589355469
0.03480219841003418
0.03683352470397949
0.03843212127685547
0.03371167182922363
0.03494620323181152
0.03915882110595703
0.037200212478637695
0.03560376167297363
0.03652167320251465
0.03444242477416992
0.032003164291381836
0.036222219467163086
0.04864048957824707
0.03935527801513672
0.03561997413635254
0.033066511154174805
0.0481257438659668
0.03930544853210449
0.03871440887451172
0.03720235824584961
0.03426980972290039
0.03874373435974121
0.03999519348144531
0.03622746467590332
0.03651094436645508
0.03284192085266113
0.03541254997253418
0.03474736213684082
0.03606843948364258
0.03900599479675293
0.03224492073059082
0.037627220153808594
0.03750944137573242
0.036455631256103516
0.03770279884338379
0.03304457664489746
0.03451132774353027
0.033582210540771484
0.034111976623535156
0.03242206573486328
0.035917043685913086
0.037104129791259766
0.03354287147521973
0.03986525535583496
0.03606009483337402
0.03980255126953125
0.03284096717834473
0.035874128341674805
0.032855987548828125
0.035631418228149414
0.03689885139465332
0.03568625450134277
0.03758955001831055
0.03212714195251465
0.0353083610534668
0.03325796127319336
0.03620171546936035
0.03405189514160156
0.0369720458984375
0.03249359130859375
0.0334782600402832
0.03331756591796875
0.03524160385131836
0.03229689598083496
0.03336787223815918
0.0313112735748291
0.036528587341308594
0.03868436813354492
0.033357858657836914
0.03268241882324219
0.030447721481323242
0.03161168098449707
0.03396320343017578
0.03493833541870117
0.033669471740722656
0.03435492515563965
0.03743481636047363
0.034775733947753906
0.035162925720214844
0.0325007438659668
0.03488349914550781
0.03497481346130371
0.038130998611450195
0.03526782989501953
0.03689074516296387
0.03571438789367676
0.031876325607299805
0.03830766677856445
0.03603720664978027
0.033711910247802734
0.03365659713745117
0.03692889213562012
0.037896156311035156
0.03853106498718262
0.032036781311035156
0.039098501205444336
0.034667253494262695
0.037329673767089844
0.03488039970397949
0.03722882270812988
0.03737473487854004
0.03652620315551758
0.0391843318939209
0.03653454780578613
0.03821587562561035
0.03650522232055664
0.03708815574645996
0.03815007209777832
0.0328974723815918
0.033471107482910156
0.03129935264587402
0.03420066833496094
0.0356144905090332
0.03475451469421387
0.034729719161987305
0.039633750915527344
0.03814387321472168
0.03332853317260742
0.03178071975708008
0.03313565254211426
0.03583407402038574
0.03320193290710449
0.03343844413757324
0.03208184242248535
0.031606197357177734
0.03125643730163574
0.03433847427368164
0.03162741661071777
0.04285931587219238
0.03200030326843262
0.03764843940734863
0.03142070770263672
0.0319056510925293
0.033501625061035156
0.033049821853637695
0.030862092971801758
0.0311126708984375
0.0344240665435791
0.03414583206176758
0.03618669509887695
0.03258967399597168
0.029532432556152344
0.044887542724609375
0.033394575119018555
0.03196978569030762
0.0341496467590332
0.03237724304199219
0.03333854675292969
0.03939199447631836
0.03765606880187988
0.03582262992858887
0.03606057167053223
0.03369617462158203
0.033289432525634766
0.03353452682495117
0.033212900161743164
0.03339552879333496
0.03649020195007324
0.03383660316467285
0.03415560722351074
0.031998634338378906
0.0335385799407959
0.036569833755493164
0.0312802791595459
0.0327451229095459
0.03749656677246094
0.035814762115478516
0.036598920822143555
0.03483438491821289
0.032501935958862305
0.033806800842285156
0.03570389747619629
0.030920028686523438
0.03752923011779785
0.0368654727935791
0.03321433067321777
0.032233476638793945
0.03100275993347168
0.033228397369384766
0.030576229095458984
0.035234689712524414
0.03474569320678711
0.03534245491027832
0.03484344482421875
0.033417701721191406
0.039340972900390625
0.03430604934692383
0.03332996368408203
0.03604936599731445
0.03604841232299805
0.03389406204223633
0.03681802749633789
0.03543424606323242
0.03647208213806152
0.037283897399902344
0.031269073486328125
0.03410744667053223
0.041053056716918945
0.037723541259765625
0.032525062561035156
0.03271675109863281
0.03295183181762695
0.03267383575439453
0.030991315841674805
0.034090518951416016
0.03418684005737305
0.034824371337890625
0.032022953033447266
0.03369450569152832
0.034751176834106445
0.03061652183532715
0.03674745559692383
0.032732248306274414
0.03215909004211426
0.03189849853515625
0.03586125373840332
0.03781390190124512
0.03248429298400879
0.03955674171447754
0.035092830657958984
0.03461790084838867
0.03734326362609863
0.03360128402709961
0.03340864181518555
0.032718658447265625
0.035489797592163086
0.037470102310180664
0.03766036033630371
0.042192697525024414
0.03709530830383301
0.037271738052368164
0.037114620208740234
0.03508591651916504
0.030956506729125977
0.03383493423461914
0.03318428993225098
0.03313326835632324
0.03290247917175293
0.03191018104553223
0.03589344024658203
0.03153514862060547
0.035180091857910156
0.034110069274902344
0.03462052345275879
0.03072667121887207
0.0326230525970459
0.033864498138427734
0.033272504806518555
0.03230428695678711
0.03300833702087402
0.036592721939086914
0.03205108642578125
0.0333559513092041
0.03751254081726074
0.03298306465148926
0.03252387046813965
0.03409528732299805
0.03541898727416992
0.03447365760803223
0.04074883460998535
0.03507494926452637
0.03352832794189453
0.033965110778808594
0.03259778022766113
0.02996039390563965
0.04999709129333496
0.033644914627075195
0.0305635929107666
0.033241987228393555
0.03349709510803223
0.032738447189331055
0.032042503356933594
0.03450417518615723
0.034555912017822266
0.035500526428222656
0.03191971778869629
0.03276228904724121
0.03258395195007324
0.033994197845458984
0.041513681411743164
0.03659868240356445
0.0381617546081543
0.03744387626647949
0.03744173049926758
0.03566265106201172
0.0331268310546875
0.04595470428466797
0.04458451271057129
0.033582210540771484
0.03816843032836914
0.03623223304748535
0.03793835639953613
0.03560900688171387
0.03508281707763672
0.0327458381652832
0.03676605224609375
0.03375697135925293
0.03545665740966797
0.03525972366333008
0.03281354904174805
0.03219890594482422
0.03509974479675293
0.033043622970581055
0.03297567367553711
0.03180503845214844
0.032971858978271484
0.0370638370513916
0.036510467529296875
0.035964250564575195
0.034162282943725586
0.03229784965515137
0.03258252143859863
0.03344082832336426
0.033588409423828125
0.0357058048248291
0.0336606502532959
0.029822111129760742
0.0347447395324707
0.0331268310546875
0.03457522392272949
0.03524065017700195
0.03460860252380371
0.029155254364013672
0.03270125389099121
0.034053802490234375
0.030862092971801758
0.034743547439575195
0.02992558479309082
0.033562660217285156
0.031094789505004883
0.03597879409790039
0.04095864295959473
0.035364389419555664
0.030931949615478516
0.033934831619262695
0.03614664077758789
0.035500288009643555
0.03413510322570801
0.03486442565917969
0.033599853515625
0.03525042533874512
0.03307914733886719
0.03405308723449707
0.03332638740539551
0.03447747230529785
0.03530383110046387
0.03318023681640625
0.033571720123291016
0.03564310073852539
0.03255414962768555
0.035280466079711914
0.03339433670043945
0.03288578987121582
0.033768653869628906
0.03343605995178223
0.03178048133850098
0.03447675704956055
0.031575679779052734
0.033869266510009766
0.034468889236450195
0.03117990493774414
0.03192758560180664
0.03218722343444824
0.03459978103637695
0.0346989631652832
0.03485989570617676
0.0324099063873291
0.03471541404724121
0.031760454177856445
0.03122878074645996
0.032117366790771484
0.035257816314697266
0.03314042091369629
0.0348362922668457
0.031638145446777344
0.03530406951904297
0.041632890701293945
0.0353853702545166
0.03416848182678223
0.034894466400146484
0.034798383712768555
0.03483724594116211
0.03223061561584473
0.03386211395263672
0.03306078910827637
0.03382158279418945
0.03312230110168457
0.030625104904174805
0.03360915184020996
0.03181171417236328
0.034328460693359375
0.030918121337890625
0.033754825592041016
0.03419804573059082
0.03546857833862305
0.03665614128112793
0.032217979431152344
0.03477883338928223
0.03661489486694336
0.03474164009094238
0.035723209381103516
0.03790712356567383
0.03574061393737793
0.03679633140563965
0.03201770782470703
0.03686857223510742
0.0335233211517334
0.0357670783996582
0.03624534606933594
0.032364845275878906
0.04098916053771973
0.031989336013793945
0.035219430923461914
0.034981727600097656
0.0332334041595459
0.035012245178222656
0.033446311950683594
0.0338590145111084
0.03572583198547363
0.033774614334106445
0.03362774848937988
0.031144380569458008
0.03233456611633301
0.03282022476196289
0.03526639938354492
0.03508615493774414
0.03153705596923828
0.035294532775878906
0.031319618225097656
0.0317225456237793
0.03558945655822754
0.03243708610534668
0.03257298469543457
0.0332944393157959
0.03614234924316406
0.03227996826171875
0.033899545669555664
0.029169082641601562
0.033690452575683594
0.03067779541015625
0.0321044921875
0.03336596488952637
0.035418033599853516
0.03757452964782715
0.03407120704650879
0.03593897819519043
0.034366607666015625
0.031786441802978516
0.032576560974121094
0.03267240524291992
0.032862186431884766
0.036864280700683594
0.035829782485961914
0.03340506553649902
0.029150724411010742
0.03384995460510254
0.03364753723144531
0.03394341468811035
0.1445145606994629
0.03420758247375488
0.037665605545043945
0.0336146354675293
0.040375709533691406
0.03665661811828613
0.03406119346618652
0.0375518798828125
0.03528714179992676
0.030105113983154297
0.03383159637451172
0.037923574447631836
0.031942129135131836
0.03412628173828125
0.035721778869628906
0.032756805419921875
0.030508995056152344
0.03247952461242676
0.03371262550354004
0.033455848693847656
0.03155326843261719
0.030961036682128906
0.03416800498962402
0.034255027770996094
0.03116440773010254
0.03358960151672363
0.031507015228271484
0.03205370903015137
0.03461027145385742
0.03110504150390625
0.03607630729675293
0.03593564033508301
0.03596305847167969
0.031385183334350586
0.03450608253479004
0.03578305244445801
0.03174948692321777
0.031771183013916016
0.0330049991607666
0.03456258773803711
0.03342294692993164
0.028757333755493164
0.037068843841552734
0.0347895622253418
0.03228425979614258
0.03261303901672363
0.03201866149902344
0.03443765640258789
0.035094499588012695
0.0339503288269043
0.03168010711669922
0.029825687408447266
0.03326106071472168
0.03453493118286133
0.0311126708984375
0.032906293869018555
0.03269338607788086
0.03092336654663086
0.03565406799316406
0.03118753433227539
0.03403449058532715
0.03487205505371094
0.03506922721862793
0.03290867805480957
0.03858494758605957
0.03530716896057129
0.03379678726196289
0.03678393363952637
0.03732919692993164
0.03708195686340332
0.03519630432128906
0.04106569290161133
0.037108659744262695
0.03563213348388672
0.03626561164855957
0.033132076263427734
0.032311439514160156
0.031888484954833984
0.04239773750305176
0.03326153755187988
0.03338479995727539
0.028884172439575195
0.035573720932006836
0.03690338134765625
0.03870248794555664
0.035802364349365234
0.031847238540649414
0.03525590896606445
0.03435802459716797
0.037181854248046875
0.03507709503173828
0.030237913131713867
0.030338048934936523
0.03419137001037598
0.03160500526428223
0.0369114875793457
0.03464674949645996
0.030724763870239258
0.032512664794921875
0.03609919548034668
0.030298709869384766
0.03245234489440918
0.03717613220214844
0.04038643836975098
0.03587985038757324
0.03391885757446289
0.03324580192565918
0.03140759468078613
0.03539681434631348
0.03482198715209961
0.03588461875915527
0.03827261924743652
0.03606271743774414
0.03480648994445801
0.03229641914367676
0.033660173416137695
0.028795957565307617
0.03731822967529297
0.0314333438873291
0.031742095947265625
0.04072713851928711
0.030142784118652344
0.03571176528930664
0.033257484436035156
0.03457999229431152
0.033568620681762695
0.028029203414916992
0.033873796463012695
0.0350794792175293
0.033823251724243164
0.03461313247680664
0.03249382972717285
0.03902864456176758
0.03409552574157715
0.033334970474243164
0.03505659103393555
0.03285050392150879
0.0350034236907959
0.03626370429992676
0.03500652313232422
0.03467059135437012
0.03165793418884277
0.03592252731323242
0.03152179718017578
0.03215479850769043
0.03490877151489258
0.032970428466796875
0.03218865394592285
0.04652857780456543
0.0341336727142334
0.03672289848327637
0.04333925247192383
0.03840923309326172
0.04849648475646973
0.0443730354309082
0.035367727279663086
0.03459668159484863
0.03232836723327637
0.03765082359313965
0.035292863845825195
0.038164615631103516
0.03291654586791992
0.03201460838317871
0.03186178207397461
0.03544044494628906
0.032372474670410156
0.0350337028503418
0.036676645278930664
0.03912496566772461
0.03096795082092285
