0.10213232040405273
0.10404729843139648
0.09604001045227051
0.0937657356262207
0.09287714958190918
0.09329915046691895
0.08695840835571289
0.08954715728759766
0.08692717552185059
0.0845499038696289
0.08149981498718262
0.08297562599182129
0.08132505416870117
0.08041167259216309
0.07874846458435059
0.07778072357177734
0.07744884490966797
0.07452130317687988
0.07236552238464355
0.11074042320251465
0.11195635795593262
0.10873198509216309
0.10849237442016602
0.10844016075134277
0.10584664344787598
0.10331320762634277
0.10396265983581543
0.1040959358215332
0.10126805305480957
0.10347414016723633
0.10159468650817871
0.09888052940368652
0.10469889640808105
0.09782671928405762
0.09740209579467773
0.0944061279296875
0.09480118751525879
0.09166407585144043
0.09240269660949707
0.08952975273132324
0.09014272689819336
0.08795380592346191
0.08684325218200684
0.08540201187133789
0.04317140579223633
0.04374241828918457
0.03741788864135742
0.038660526275634766
0.045299530029296875
0.04224252700805664
0.04662132263183594
0.04548311233520508
0.047353506088256836
0.037842512130737305
0.03959488868713379
0.04394268989562988
0.05344438552856445
0.040060997009277344
0.04113149642944336
0.04239392280578613
0.039461612701416016
0.038665056228637695
0.03944659233093262
0.03743863105773926
0.04301905632019043
0.04910397529602051
0.04005932807922363
0.09033608436584473
0.08842611312866211
0.08497500419616699
0.0830695629119873
0.08557462692260742
0.08186531066894531
0.07896828651428223
0.11772012710571289
0.07829070091247559
0.07690668106079102
0.08203506469726562
0.07413744926452637
0.11354494094848633
0.1138601303100586
0.07238984107971191
0.1119532585144043
0.11066985130310059
0.11000394821166992
0.10851526260375977
0.10794425010681152
0.10870575904846191
0.10717368125915527
0.10605788230895996
0.10426926612854004
0.10494160652160645
0.10196948051452637
0.10502386093139648
0.10148859024047852
0.10056519508361816
0.09849119186401367
0.09988927841186523
0.09897708892822266
0.09755587577819824
0.10001659393310547
0.09638142585754395
0.09294724464416504
0.09378504753112793
0.09204888343811035
0.09084391593933105
0.08937335014343262
0.08723711967468262
0.08575153350830078
0.0850377082824707
0.08316707611083984
0.08397817611694336
0.08253240585327148
0.08044791221618652
0.0804901123046875
0.07783269882202148
0.07800817489624023
0.11642313003540039
0.0747838020324707
0.11561155319213867
0.11484885215759277
0.11277389526367188
0.11082148551940918
0.10817861557006836
0.11047887802124023
0.10754227638244629
0.1057882308959961
0.10317802429199219
0.10189938545227051
0.10006427764892578
0.10282087326049805
0.10144639015197754
0.09746789932250977
0.09798860549926758
0.09578156471252441
0.09160876274108887
0.08819460868835449
0.08834171295166016
0.21014165878295898
0.08428764343261719
0.08184170722961426
0.08156657218933105
0.08338165283203125
0.08066272735595703
0.07961153984069824
0.07937455177307129
0.07892417907714844
0.07590246200561523
0.07425522804260254
0.11434626579284668
0.11024284362792969
0.10870146751403809
0.1062777042388916
0.10907649993896484
0.10603857040405273
0.10409855842590332
0.10241818428039551
0.10035204887390137
0.09861278533935547
0.0969247817993164
0.09534668922424316
0.09841036796569824
0.09549093246459961
0.0949406623840332
0.09334373474121094
0.0914313793182373
0.08990240097045898
0.09024167060852051
0.08916425704956055
0.0870964527130127
0.08555030822753906
0.08336305618286133
0.08147430419921875
0.08149981498718262
0.07805347442626953
0.07870697975158691
0.07629013061523438
0.11562967300415039
0.11670708656311035
0.11371159553527832
0.10927081108093262
0.10974860191345215
0.10624980926513672
0.10635495185852051
0.1059720516204834
0.1040642261505127
0.10670089721679688
0.10349249839782715
0.10061955451965332
0.09722113609313965
0.09740114212036133
0.09646058082580566
0.09421944618225098
0.09262561798095703
0.08895707130432129
0.09087872505187988
0.08742856979370117
0.08755755424499512
0.0853416919708252
0.08518218994140625
0.08152985572814941
0.07940125465393066
0.07848668098449707
0.07722783088684082
0.0760653018951416
0.1163182258605957
0.12528133392333984
0.11040234565734863
0.10733628273010254
0.10924601554870605
0.11101698875427246
0.10505318641662598
0.10155320167541504
0.10219335556030273
0.09947371482849121
0.09720683097839355
0.09575819969177246
0.09491109848022461
0.09309053421020508
0.09203505516052246
0.08845901489257812
0.08867716789245605
0.08959794044494629
0.086669921875
0.08928036689758301
0.08424735069274902
0.0820462703704834
0.08055496215820312
0.07635688781738281
0.07616472244262695
0.11467480659484863
0.12142395973205566
0.11369895935058594
0.11475014686584473
0.11090636253356934
0.10895633697509766
0.10846662521362305
0.10627889633178711
0.10659146308898926
0.10865283012390137
0.10433340072631836
0.1124730110168457
0.10638213157653809
0.10051560401916504
0.0988461971282959
0.09717869758605957
0.09789657592773438
0.09609580039978027
0.09418725967407227
0.09356904029846191
0.09240508079528809
0.09303593635559082
0.09008121490478516
0.08854532241821289
0.101898193359375
0.08571982383728027
0.08452081680297852
0.08062386512756348
0.12137532234191895
0.07828426361083984
0.0765373706817627
0.0756690502166748
0.11561250686645508
0.07467937469482422
0.11359810829162598
0.11109161376953125
0.10770106315612793
0.10680699348449707
0.10436654090881348
0.10326600074768066
0.10549473762512207
0.10442256927490234
0.10048508644104004
0.09864377975463867
0.09735274314880371
0.10143876075744629
0.09526515007019043
0.09123635292053223
0.0897529125213623
0.09113764762878418
0.09514236450195312
0.08814525604248047
0.08405923843383789
0.08854436874389648
0.0952768325805664
0.08387303352355957
0.08233404159545898
0.07920575141906738
0.0803525447845459
0.07673406600952148
0.07636070251464844
0.07879137992858887
0.05115771293640137
0.04551219940185547
0.052004337310791016
0.05188894271850586
0.04154372215270996
0.041344404220581055
0.10757946968078613
0.1065218448638916
0.10483145713806152
0.10184001922607422
0.09859442710876465
0.09807205200195312
0.09754395484924316
0.10314822196960449
0.09376168251037598
0.09077167510986328
0.0896906852722168
0.08852124214172363
0.08856868743896484
0.0870201587677002
0.08406901359558105
0.08247828483581543
0.08033108711242676
0.07685732841491699
0.07918906211853027
0.11393046379089355
0.07523369789123535
0.11308407783508301
0.11091446876525879
0.10805296897888184
0.10706710815429688
0.10421586036682129
0.10451412200927734
0.10264325141906738
0.09647989273071289
0.09564900398254395
0.09600281715393066
0.09301352500915527
0.08972525596618652
0.0901176929473877
0.0867307186126709
0.08621621131896973
0.08373785018920898
0.08443331718444824
0.08026242256164551
0.07746410369873047
0.0766134262084961
0.07274055480957031
0.11222624778747559
0.11124610900878906
0.10704421997070312
0.1081082820892334
0.11442804336547852
0.10553145408630371
0.10239672660827637
0.10323762893676758
0.10042667388916016
0.09836459159851074
0.09485340118408203
0.09513640403747559
0.09255599975585938
0.08799576759338379
0.08632993698120117
0.08627438545227051
0.08414793014526367
0.08057832717895508
0.08059978485107422
0.07775139808654785
0.07817482948303223
0.11662030220031738
0.07736063003540039
0.11608195304870605
0.11121678352355957
0.10747838020324707
0.10971283912658691
0.10578393936157227
0.10310029983520508
0.10476064682006836
0.10537099838256836
0.09533047676086426
0.09592914581298828
0.09558963775634766
0.0917816162109375
0.0893852710723877
0.0909574031829834
0.08916425704956055
0.08554625511169434
0.08430266380310059
0.08172154426574707
0.08064913749694824
0.07716083526611328
0.0750434398651123
0.07738947868347168
0.11240935325622559
0.1085655689239502
0.1081705093383789
0.10516548156738281
0.10500240325927734
0.10229229927062988
0.10059881210327148
0.10050344467163086
0.09535408020019531
0.09362220764160156
0.09197640419006348
0.09222078323364258
0.09011650085449219
0.08644580841064453
0.0829627513885498
0.07890009880065918
0.08038878440856934
0.07645440101623535
0.0765829086303711
0.11220979690551758
0.10755467414855957
0.10800647735595703
0.10796475410461426
0.1048586368560791
0.10316896438598633
0.1016545295715332
0.10108089447021484
0.0955660343170166
0.09493231773376465
0.09410858154296875
0.08929896354675293
0.08803677558898926
0.0887002944946289
0.08936953544616699
0.08372688293457031
0.08706235885620117
0.07970237731933594
0.08161425590515137
0.08065176010131836
0.07786107063293457
0.07619905471801758
0.07516050338745117
0.07199978828430176
0.11449217796325684
0.11053466796875
0.10839056968688965
0.10517573356628418
0.26120519638061523
0.10094404220581055
0.1027677059173584
0.1009988784790039
0.09401679039001465
0.0933387279510498
0.09088802337646484
0.08943939208984375
0.08975696563720703
