0.10260939598083496
0.10198163986206055
0.10210013389587402
0.09684419631958008
0.09732866287231445
0.09540724754333496
0.27785444259643555
0.1314074993133545
0.09756994247436523
0.1038811206817627
0.2657155990600586
0.2872273921966553
0.3108515739440918
0.12057805061340332
0.25182127952575684
0.12089896202087402
0.11854958534240723
0.11630606651306152
0.11789321899414062
0.11836028099060059
0.11099910736083984
0.10609722137451172
0.11091446876525879
0.1125330924987793
0.10374307632446289
0.1039278507232666
0.10326457023620605
0.09904122352600098
0.10193634033203125
0.09558510780334473
0.09419798851013184
0.10903525352478027
0.24843335151672363
0.26824092864990234
0.2915465831756592
0.31375694274902344
0.23325109481811523
0.12670016288757324
0.11998701095581055
0.11968517303466797
0.11633181571960449
0.11148691177368164
0.1122598648071289
0.11031818389892578
0.11197829246520996
0.6384682655334473
0.1158912181854248
0.10160708427429199
0.10099935531616211
0.3186075687408447
0.09693312644958496
0.09451961517333984
0.09721970558166504
0.09959793090820312
0.0982208251953125
0.0921773910522461
0.08882570266723633
0.2944362163543701
0.12649011611938477
0.11966466903686523
0.1224970817565918
0.12159848213195801
0.13405227661132812
0.1144108772277832
0.11501145362854004
0.11143088340759277
0.1134181022644043
0.10769891738891602
0.11298584938049316
0.10580134391784668
0.1034555435180664
0.10570931434631348
0.10793232917785645
0.10337376594543457
0.10473918914794922
0.10016036033630371
0.10386538505554199
0.33649373054504395
0.11532473564147949
0.09737229347229004
0.09467792510986328
0.09427571296691895
0.1045689582824707
0.08904361724853516
0.08912181854248047
0.10200715065002441
0.13094878196716309
0.3570268154144287
0.2766075134277344
0.12384414672851562
0.11900138854980469
0.24132800102233887
0.11930322647094727
0.11463665962219238
0.12182021141052246
0.11014652252197266
0.35173463821411133
0.11890983581542969
0.10682415962219238
0.10749983787536621
0.10470986366271973
0.25907444953918457
0.10696697235107422
0.11837363243103027
0.10133028030395508
0.10252547264099121
0.1459505558013916
0.09705567359924316
0.41572093963623047
0.05388069152832031
0.0527653694152832
0.05981802940368652
0.07452082633972168
0.10770916938781738
0.07518649101257324
0.07634735107421875
0.06708955764770508
0.05383777618408203
0.05818057060241699
0.05728316307067871
0.06676173210144043
0.06327080726623535
0.06551170349121094
0.06207680702209473
0.07962846755981445
0.06258416175842285
0.11725473403930664
0.6407983303070068
0.057154178619384766
0.05087161064147949
0.05560612678527832
0.05857706069946289
0.0866098403930664
0.0663752555847168
0.06229066848754883
0.05359935760498047
0.050804853439331055
0.06151604652404785
0.10007691383361816
0.06075310707092285
0.06481027603149414
0.06355428695678711
0.07699704170227051
0.06375575065612793
0.30550289154052734
0.3287038803100586
0.12616777420043945
0.12383723258972168
0.12249398231506348
0.3136579990386963
0.12031078338623047
0.11696124076843262
0.11664938926696777
0.11302900314331055
0.1211094856262207
0.059355974197387695
0.05658769607543945
0.05372452735900879
0.06088590621948242
0.0910193920135498
0.052800655364990234
0.0541841983795166
0.06569623947143555
0.09258747100830078
0.05658292770385742
0.10364961624145508
0.2864720821380615
0.3090376853942871
0.33054280281066895
0.2511758804321289
0.2736828327178955
0.2960836887359619
0.31925177574157715
0.12353920936584473
0.262592077255249
0.11947798728942871
0.11833763122558594
0.12008237838745117
0.11533355712890625
0.11193680763244629
0.11091852188110352
0.11401200294494629
0.11029458045959473
0.10973453521728516
0.1024472713470459
0.10195446014404297
0.0989837646484375
0.10029029846191406
0.09833383560180664
0.09412312507629395
0.09422588348388672
0.34322357177734375
0.0913543701171875
0.0944216251373291
0.0922091007232666
0.12728667259216309
0.24725341796875
0.2709617614746094
0.29297947883605957
0.12022185325622559
0.12070679664611816
0.26206493377685547
0.11843395233154297
0.11424589157104492
0.11332273483276367
0.10728955268859863
0.11713719367980957
0.10393381118774414
0.10129213333129883
0.10327982902526855
0.09645509719848633
0.09927821159362793
0.09334278106689453
0.3196132183074951
0.2389523983001709
0.12624192237854004
0.12647652626037598
0.11941909790039062
0.07577943801879883
0.12180876731872559
0.08818316459655762
0.05568718910217285
0.06794357299804688
0.08665060997009277
0.05922412872314453
0.0663764476776123
0.07195496559143066
0.06640887260437012
0.1010596752166748
0.27019381523132324
0.06038188934326172
0.06120705604553223
0.06916999816894531
0.05732107162475586
0.06801009178161621
0.07919597625732422
0.11815762519836426
0.05763721466064453
0.06238532066345215
0.051506996154785156
0.06528949737548828
0.053659915924072266
0.05857682228088379
0.058951377868652344
0.052559614181518555
0.05687403678894043
0.06084156036376953
0.06635332107543945
0.05517435073852539
0.058821916580200195
0.05416703224182129
0.0537106990814209
0.05850577354431152
0.12078142166137695
0.10209178924560547
0.10114455223083496
0.09008383750915527
0.08699584007263184
0.3091263771057129
0.22913002967834473
0.3536543846130371
0.05841851234436035
0.06099867820739746
0.06068849563598633
0.1221001148223877
0.06110239028930664
0.05323171615600586
0.05432462692260742
0.06865525245666504
0.05370616912841797
0.050026655197143555
0.057163238525390625
0.06296181678771973
0.07276391983032227
0.06572675704956055
0.053467512130737305
0.051741838455200195
0.05140876770019531
0.0950765609741211
0.05733537673950195
0.1290113925933838
0.3170664310455322
0.12656545639038086
0.11812090873718262
0.12138867378234863
0.30577993392944336
0.11849784851074219
0.11357665061950684
0.11278700828552246
0.10742402076721191
0.11762166023254395
0.10197305679321289
0.10297822952270508
0.09940218925476074
0.10103416442871094
0.09782862663269043
0.09255766868591309
0.26832127571105957
0.10406351089477539
0.09164619445800781
0.23282194137573242
0.2553379535675049
0.12223601341247559
0.12463736534118652
0.11895132064819336
0.11775565147399902
0.1161496639251709
0.11313271522521973
0.30796217918395996
0.10724186897277832
0.10568571090698242
0.11010599136352539
0.10470318794250488
0.31989526748657227
0.34247899055480957
0.09363150596618652
0.10017681121826172
0.3078651428222656
0.1178138256072998
0.10085797309875488
0.27393198013305664
0.2966616153717041
0.31929445266723633
0.11880135536193848
0.11718273162841797
0.1168365478515625
0.11336469650268555
0.1160130500793457
0.11678457260131836
0.11022686958312988
0.11145234107971191
0.10614633560180664
0.1109611988067627
0.10669636726379395
0.10127067565917969
0.1015317440032959
0.09999966621398926
0.09515857696533203
0.09668922424316406
0.2938981056213379
0.31655430793762207
0.12657666206359863
0.25833892822265625
0.28023266792297363
0.30289173126220703
0.12120771408081055
0.11928939819335938
0.12043952941894531
0.11950826644897461
0.11377215385437012
0.1119837760925293
0.10873007774353027
0.1128692626953125
0.10361671447753906
0.10568428039550781
0.1025247573852539
0.0987553596496582
0.057462215423583984
0.05369925498962402
0.05137372016906738
0.0614926815032959
0.0562901496887207
0.09577250480651855
0.07410407066345215
0.06267237663269043
0.05545973777770996
0.05691838264465332
0.06464672088623047
0.06021451950073242
0.06440973281860352
0.0840604305267334
0.056291818618774414
0.0693213939666748
0.060495853424072266
0.11272573471069336
0.10847282409667969
0.1155550479888916
0.10234642028808594
0.10396337509155273
0.10006403923034668
0.10430121421813965
0.09386563301086426
0.09353780746459961
0.13350129127502441
0.08839917182922363
0.08785057067871094
0.326596736907959
0.24756574630737305
0.2695603370666504
0.2923738956451416
0.12175703048706055
0.23470711708068848
0.11757755279541016
0.27814292907714844
0.11876940727233887
0.11252689361572266
0.10859465599060059
0.11302924156188965
0.11150193214416504
0.10858440399169922
0.33237361907958984
0.10795235633850098
0.274552583694458
0.0993037223815918
0.319990873336792
0.09730029106140137
0.09452176094055176
0.0923604965209961
0.08703994750976562
0.3346679210662842
0.0880436897277832
0.2723419666290283
0.12276268005371094
0.3176872730255127
0.12485361099243164
0.3630824089050293
0.28284525871276855
0.11464548110961914
0.11472606658935547
0.1096189022064209
0.11600136756896973
0.11040520668029785
0.11364507675170898
0.10851931571960449
0.10081672668457031
0.10023093223571777
0.30319976806640625
0.10193347930908203
0.1044158935546875
0.09338545799255371
0.0993337631225586
0.08888387680053711
0.3352656364440918
0.2555704116821289
0.2783849239349365
0.12115311622619629
0.3231327533721924
0.1182103157043457
0.26654934883117676
0.11816549301147461
0.11872291564941406
0.11578011512756348
0.054102182388305664
0.08311176300048828
0.05769205093383789
0.057663917541503906
0.05829882621765137
0.10033106803894043
0.05595731735229492
0.0603182315826416
0.059421539306640625
0.0520167350769043
0.07445311546325684
0.0975942611694336
0.10098624229431152
0.0962684154510498
0.09355878829956055
0.09427905082702637
0.08980584144592285
0.3305337429046631
0.09334254264831543
0.2735905647277832
0.2956547737121582
0.3179903030395508
0.23842453956604004
0.2607426643371582
0.12830853462219238
0.11796307563781738
0.12151050567626953
0.11327648162841797
0.11974453926086426
0.1148989200592041
0.11617517471313477
0.11234855651855469
0.11376261711120605
0.15393877029418945
0.1131742000579834
0.11498904228210449
0.10813498497009277
0.10640692710876465
0.10451936721801758
0.09924507141113281
0.10992193222045898
0.09717154502868652
0.09615755081176758
0.30297374725341797
0.3247952461242676
0.09003400802612305
0.08827972412109375
0.289764404296875
0.31260037422180176
0.3347039222717285
0.25398993492126465
0.27674317359924316
0.1240689754486084
0.12105035781860352
0.11740732192993164
0.11484646797180176
0.1173255443572998
0.1224205493927002
0.11501860618591309
0.11761331558227539
0.11364912986755371
0.2986314296722412
0.3218541145324707
0.10853767395019531
0.10566139221191406
0.10654973983764648
0.2909281253814697
0.09780144691467285
0.09883403778076172
0.09951162338256836
0.09990882873535156
0.09332060813903809
0.3398251533508301
0.2645866870880127
0.12936997413635254
0.12604641914367676
0.33274149894714355
0.12239336967468262
0.12353682518005371
0.11967062950134277
0.11513137817382812
0.11698102951049805
0.11385154724121094
0.10717320442199707
0.14708232879638672
0.10572123527526855
0.10838007926940918
0.10240840911865234
0.09831643104553223
0.09609150886535645
0.33586907386779785
0.09278249740600586
0.09417963027954102
0.3021399974822998
0.09212350845336914
0.34720420837402344
0.26732420921325684
0.1753098964691162
0.13039112091064453
