0.10847997665405273
0.10098481178283691
0.10230541229248047
0.10212326049804688
0.10475516319274902
0.10062575340270996
0.10482144355773926
0.11414384841918945
0.09870266914367676
0.09901857376098633
0.13846540451049805
0.09734392166137695
0.09577369689941406
0.09347987174987793
0.09239816665649414
0.09206986427307129
0.09420084953308105
0.0882875919342041
0.08777761459350586
0.08702349662780762
0.23554372787475586
0.25803351402282715
0.2810325622558594
0.30487704277038574
0.3277614116668701
0.12024760246276855
0.12249469757080078
0.12036967277526855
0.11989068984985352
0.11873269081115723
0.11953377723693848
0.11556434631347656
0.11860108375549316
0.11548376083374023
0.1157383918762207
0.11693882942199707
0.11116909980773926
0.10926532745361328
0.1065530776977539
0.10823225975036621
0.2820723056793213
0.10498929023742676
0.10670781135559082
0.10250258445739746
0.1048421859741211
0.09926724433898926
0.09591865539550781
0.10747003555297852
0.09296393394470215
0.09419035911560059
0.3013458251953125
0.17254996299743652
0.08888936042785645
0.2672450542449951
0.29000020027160645
0.3129746913909912
0.12317061424255371
0.1198122501373291
0.11808919906616211
0.11841011047363281
0.3244960308074951
0.3472311496734619
0.11606502532958984
0.11224007606506348
0.10718274116516113
0.11115622520446777
0.35629725456237793
0.2765069007873535
0.10269641876220703
0.10328507423400879
0.09891653060913086
0.09764814376831055
0.09443926811218262
0.0962831974029541
0.09789061546325684
0.09159040451049805
0.09057474136352539
0.08814740180969238
0.3201780319213867
0.24080586433410645
0.12345671653747559
0.12149882316589355
0.12242555618286133
0.22939300537109375
0.11459755897521973
0.1126558780670166
0.11336493492126465
0.11669182777404785
0.11160707473754883
0.10367798805236816
0.10535216331481934
0.10867571830749512
0.10105419158935547
0.09810185432434082
0.0982060432434082
0.09502553939819336
0.09487056732177734
0.09756350517272949
0.09221601486206055
0.08948779106140137
0.30251169204711914
0.32479190826416016
0.12407922744750977
0.12149190902709961
0.11992955207824707
0.12263178825378418
0.12180757522583008
0.11274027824401855
0.11859011650085449
0.11144685745239258
0.10763096809387207
0.11112284660339355
0.2631351947784424
0.3881266117095947
0.30777502059936523
0.10536766052246094
0.0944817066192627
0.09746122360229492
0.09064650535583496
0.09872150421142578
0.08869290351867676
0.08542776107788086
0.28371405601501465
0.30614423751831055
0.3343982696533203
0.12420964241027832
0.12129044532775879
0.12260174751281738
0.11865639686584473
0.1181190013885498
0.11633181571960449
0.11628556251525879
0.1134958267211914
0.11578845977783203
0.11207032203674316
0.11091923713684082
0.10799360275268555
0.10803675651550293
0.06162214279174805
0.051448822021484375
0.05436253547668457
0.057557106018066406
0.05861163139343262
0.050492286682128906
0.06206178665161133
0.05222725868225098
0.05128836631774902
0.06439566612243652
0.05978202819824219
0.1322636604309082
0.09126639366149902
0.3312065601348877
0.251507043838501
0.12170815467834473
0.1207733154296875
0.11954188346862793
0.11732602119445801
0.11604785919189453
0.11201214790344238
0.11091065406799316
0.11074256896972656
0.10846877098083496
0.10956859588623047
0.10717153549194336
0.3190164566040039
0.1038661003112793
0.09895205497741699
0.10012149810791016
0.10431528091430664
0.09865641593933105
0.25260472297668457
0.2759671211242676
0.09206438064575195
0.09560489654541016
0.24140143394470215
0.2639760971069336
0.2873389720916748
0.311786413192749
0.2312946319580078
0.25974225997924805
0.16173481941223145
0.12128829956054688
0.12062859535217285
0.05651736259460449
0.054488182067871094
0.051482439041137695
0.0528559684753418
0.05174660682678223
0.05563783645629883
0.0557408332824707
0.06101536750793457
0.05301189422607422
0.06340336799621582
0.06248068809509277
0.053585052490234375
0.05606722831726074
0.05377531051635742
0.049889564514160156
0.049875736236572266
0.05559563636779785
0.09290266036987305
0.24472737312316895
0.08693170547485352
0.08820080757141113
0.3129239082336426
0.23343706130981445
0.12605023384094238
0.11937737464904785
0.30014777183532715
0.11532258987426758
0.11497187614440918
0.11144328117370605
0.11185860633850098
0.1093294620513916
0.10737729072570801
0.10751867294311523
0.10673928260803223
0.10133194923400879
0.09967207908630371
0.10616564750671387
0.09546160697937012
0.09573221206665039
0.09462094306945801
0.0971827507019043
0.2514638900756836
0.09087419509887695
0.29631495475769043
0.31888842582702637
0.23948454856872559
0.12308311462402344
0.1252422332763672
0.12209963798522949
0.11948704719543457
0.11452364921569824
0.11802363395690918
0.11241412162780762
0.11208939552307129
0.11045098304748535
0.10773968696594238
0.10781049728393555
0.10527276992797852
0.1032562255859375
0.1014397144317627
0.09989118576049805
0.10190510749816895
0.0955665111541748
0.09828019142150879
0.09812521934509277
0.09008908271789551
0.08891534805297852
0.32906508445739746
0.24971961975097656
0.272937536239624
0.3983626365661621
0.31830739974975586
0.12116074562072754
0.12702202796936035
0.16040301322937012
0.3083920478820801
0.11506438255310059
0.1129903793334961
0.11364531517028809
0.11009812355041504
0.10728573799133301
0.10761189460754395
0.10313034057617188
0.10219287872314453
0.10041928291320801
0.1054680347442627
0.250138521194458
0.09540510177612305
0.09282517433166504
0.09086155891418457
0.0911710262298584
0.09215092658996582
0.08351993560791016
0.3059120178222656
0.12388014793395996
0.12344717979431152
0.11488723754882812
0.11387300491333008
0.11166930198669434
0.11684417724609375
0.11007475852966309
0.1124114990234375
0.10405373573303223
0.10345649719238281
0.10174274444580078
0.09641122817993164
0.0946812629699707
0.09327173233032227
0.09168148040771484
0.1407148838043213
0.27988743782043457
0.12899303436279297
0.33045220375061035
0.2455134391784668
0.11882138252258301
0.1196143627166748
0.12250161170959473
0.11737394332885742
0.3583359718322754
0.2786245346069336
0.10943818092346191
0.10599303245544434
0.10873603820800781
0.10754609107971191
0.10526299476623535
0.0990908145904541
0.10569572448730469
0.10006570816040039
0.09518313407897949
0.09943222999572754
0.08857393264770508
0.10104560852050781
0.36815333366394043
0.28830885887145996
0.12388801574707031
0.23099398612976074
0.11723089218139648
0.11695027351379395
0.11762547492980957
0.1128387451171875
0.05755019187927246
0.04972958564758301
0.05655789375305176
0.05333709716796875
0.05562305450439453
0.055336952209472656
0.05446004867553711
0.05453085899353027
0.04766058921813965
0.06173992156982422
0.05355668067932129
0.04913806915283203
0.06812858581542969
0.060808658599853516
0.052783966064453125
0.056269168853759766
0.12014627456665039
0.12108850479125977
0.11812686920166016
0.1154167652130127
0.11664104461669922
0.10944151878356934
0.10725593566894531
0.1069176197052002
0.10577845573425293
0.10512042045593262
0.10623431205749512
0.10519075393676758
0.09906387329101562
0.0984945297241211
0.09579348564147949
0.0946953296661377
0.2501654624938965
0.12461185455322266
0.16535067558288574
0.12526226043701172
0.1277143955230713
0.12253642082214355
0.12769007682800293
0.12066221237182617
0.12206602096557617
0.12169790267944336
0.1260058879852295
0.11866235733032227
0.12124300003051758
0.11565876007080078
0.11766791343688965
0.11699223518371582
0.12164592742919922
0.36482882499694824
0.3649759292602539
0.11407661437988281
0.11967039108276367
0.11275029182434082
0.11721110343933105
0.11514425277709961
0.11685037612915039
0.11045622825622559
0.1123812198638916
0.27286362648010254
0.2730748653411865
0.1099550724029541
0.11403203010559082
0.10887479782104492
0.11562728881835938
0.10695362091064453
0.11096596717834473
0.10861897468566895
0.11078119277954102
0.10240602493286133
0.10631561279296875
0.10182428359985352
0.1058495044708252
0.10157465934753418
0.1063394546508789
0.09723949432373047
0.10037922859191895
0.09700846672058105
0.13535785675048828
0.09644412994384766
0.13667559623718262
0.3123500347137451
0.31255674362182617
0.09748315811157227
0.1338357925415039
0.25634074211120605
0.2564811706542969
0.27928996086120605
0.279491662979126
0.3002798557281494
0.3005046844482422
0.12884521484375
0.13577628135681152
0.34604811668395996
0.3466451168060303
0.2655980587005615
0.26577305793762207
0.1272730827331543
0.13078665733337402
0.1237328052520752
0.1254420280456543
0.12508177757263184
0.12832975387573242
0.12127566337585449
0.12343549728393555
0.12037324905395508
0.12388777732849121
0.11863088607788086
0.12178945541381836
0.11997818946838379
0.12229752540588379
0.11562609672546387
0.11976242065429688
0.11700081825256348
0.11998581886291504
0.1126406192779541
0.11609745025634766
0.11246418952941895
0.11591863632202148
0.11175847053527832
0.11532711982727051
0.11200881004333496
0.11498522758483887
0.11020088195800781
0.11228561401367188
0.11002612113952637
0.11297178268432617
0.10685014724731445
0.11209702491760254
0.11027288436889648
0.14770913124084473
0.10948061943054199
0.11265826225280762
0.10659432411193848
0.10899806022644043
0.11302375793457031
0.11701297760009766
0.10590410232543945
0.10880136489868164
0.10160470008850098
0.10522937774658203
0.1028895378112793
0.10766792297363281
0.09949874877929688
0.1030128002166748
0.0999917984008789
0.10421252250671387
0.09871721267700195
0.10219335556030273
0.09736371040344238
0.10059642791748047
0.0957491397857666
0.13483905792236328
0.2566213607788086
0.25676584243774414
0.2786102294921875
0.2787477970123291
0.135270357131958
0.13777780532836914
0.32452845573425293
0.3246893882751465
0.24416613578796387
0.24434113502502441
0.13003158569335938
0.13504528999328613
0.13083434104919434
0.135420560836792
0.12530279159545898
0.12834692001342773
0.12637996673583984
0.13074636459350586
0.13199090957641602
0.1341419219970703
0.12380123138427734
0.12601661682128906
0.12077069282531738
0.12297320365905762
0.12221550941467285
0.12426304817199707
0.12098240852355957
0.12337613105773926
0.12079977989196777
0.12317657470703125
0.11837506294250488
0.12040877342224121
0.1196584701538086
0.12420988082885742
0.238295316696167
0.24146676063537598
0.1577913761138916
0.16255402565002441
0.15655159950256348
0.1600663661956787
0.06653404235839844
0.07119107246398926
0.07149744033813477
0.07803797721862793
0.06521487236022949
0.07140350341796875
0.07529687881469727
0.07961702346801758
0.06482625007629395
0.06695771217346191
0.06713557243347168
0.07021212577819824
0.07964658737182617
0.07978701591491699
0.07443428039550781
0.07752203941345215
0.06409454345703125
0.07358264923095703
0.07573890686035156
0.08068251609802246
0.14092254638671875
0.14330673217773438
0.09983968734741211
0.10268545150756836
0.1004793643951416
0.1026754379272461
0.13835906982421875
0.1419217586517334
0.09617972373962402
0.1361236572265625
0.09905028343200684
0.13505101203918457
0.09380865097045898
0.13395071029663086
0.13117241859436035
0.1338808536529541
0.13170480728149414
0.13539743423461914
0.31068897247314453
0.3108375072479248
0.12903594970703125
0.132429838180542
0.25314807891845703
0.2533104419708252
0.1301262378692627
0.1340341567993164
0.12856602668762207
0.13074874877929688
0.1291184425354004
0.13167357444763184
0.12631916999816895
0.12861895561218262
0.12351298332214355
0.1256561279296875
0.12395405769348145
0.12803316116333008
0.1216726303100586
0.1610419750213623
0.12222743034362793
0.12491130828857422
0.12282323837280273
0.12510442733764648
0.12143135070800781
0.12599730491638184
0.12241625785827637
0.12456464767456055
0.11739158630371094
0.12081265449523926
0.11664319038391113
0.12049126625061035
0.11638092994689941
0.1189422607421875
0.11702990531921387
0.12136507034301758
0.11526203155517578
0.1232614517211914
0.11820077896118164
0.1214301586151123
0.11408090591430664
0.11692237854003906
0.15473580360412598
0.15804648399353027
0.18906569480895996
0.19152092933654785
0.11033225059509277
0.11412405967712402
0.10861396789550781
0.1110832691192627
0.10779094696044922
0.11537981033325195
0.10644292831420898
0.10895466804504395
0.1044924259185791
0.1089324951171875
0.10201549530029297
0.10516500473022461
0.10183858871459961
0.10419607162475586
0.10023117065429688
0.10535645484924316
0.09704303741455078
0.0994267463684082
0.10673880577087402
0.1406691074371338
0.09960436820983887
0.13589739799499512
0.0973501205444336
0.1386268138885498
0.27329564094543457
0.27347421646118164
0.29587388038635254
0.2960638999938965
0.31845974922180176
0.31865692138671875
0.13202977180480957
0.13408780097961426
0.13226890563964844
0.1345815658569336
